ID_107198	Die Tante leitete der Nichte den Videoclip. Dieser zeigte eine Katze und eine Gurke. \nWie klingt der Text? (1=sehr seltsam, 7=perfekt)	Der Text klingt etwas seltsam, aber nicht unnatürlich. Es könnte eine humorvolle oder absurde Situation darstellen. Ich würde sagen, der Text hat eine Bewertung von 3.
ID_106208	Die Mitarbeiterin nahm dem Opernsänger den Mantel. Diese fand das angemessen. \nWie klingt der Text? (1=sehr seltsam, 7=perfekt)	Der Text klingt etwas seltsam, da die Verwendung von "Diese" anstelle von "Sie" oder "die" nicht ganz passend ist. Hier ist eine überarbeitete Version:
ID_107746	Die Verkäuferin lieh der Interessentin den Autoschlüssel. Der war defekt. \nWie klingt der Text? (1=sehr seltsam, 7=perfekt)	Der Text klingt etwas seltsam, da es ungewöhnlich ist, dass eine Verkäuferin einem Interessenten einen defekten Autoschlüssel leiht. Es könnte besser formuliert werden, um klarer und logischer zu sein. Hier ist eine überarbeitete Version:
ID_107870	Die Studentin stahl dem Dozenten den Laptop. Die hatte nämlich ernste Schwierigkeiten. \nWie klingt der Text? (1=sehr seltsam, 7=perfekt)	Der Text klingt sehr seltsam. Es gibt einige grammatikalische und logische Fehler, die den Text unnatürlich und verwirrend machen. Hier ist eine überarbeitete Version:
ID_106456	Die Autorin widmete dem Verlobten die Novelle. Er war dafür sehr dankbar. \nWie klingt der Text? (1=sehr seltsam, 7=perfekt)	Der Text klingt etwas seltsam, da die Dankbarkeit des Verlobten nicht direkt ausgedrückt wird. Es könnte besser formuliert werden, indem man die Dankbarkeit des Verlobten direkt erwähnt. Zum Beispiel:
ID_106511	Der Inhaber bot der Mitarbeiterin den Umzugswagen. Die wollte sich außerdem das Wochenende frei nehmen. \nWie klingt der Text? (1=sehr seltsam, 7=perfekt)	Der Text klingt etwas seltsam, da die Phrasen nicht ganz passend zusammenpassen. Es könnte besser formuliert werden, um klarer und natürlicher zu klingen. Hier ist eine überarbeitete Version:
ID_107256	Der Chirurg besorgte dem Arzt die Stelle. Diese war sehr abwechslungsreich. \nWie klingt der Text? (1=sehr seltsam, 7=perfekt)	Der Text klingt sehr seltsam. (1)
ID_106318	Die Friseurin erzählte dem Neukunden den Sonntagswitz. Die konnte dabei nicht aufhören, zu lachen. \nWie klingt der Text? (1=sehr seltsam, 7=perfekt)	Der Text klingt etwas seltsam, da die Friseurin dem Neukunden einen Sonntagswitz erzählt, während sie lacht. Es könnte besser fließen, wenn die Friseurin den Witz erzählt und der Kunde lacht. Hier ist eine überarbeitete Version:
ID_106916	Der Vater kaufte der Tochter die Zuckerwatte. Der war heute gut gelaunt. \nWie klingt der Text? (1=sehr seltsam, 7=perfekt)	Der Text klingt etwas seltsam, da die Sätze nicht direkt zusammenhängen und die Reihenfolge der Informationen nicht logisch ist. Hier ist eine überarbeitete Version:
ID_106649	Der Eigentümer vermietete dem Anwohner die Parkfläche. Diese war glücklicherweise schattig. \nWie klingt der Text? (1=sehr seltsam, 7=perfekt)	Der Text klingt fast perfekt, aber es gibt eine kleine Verbesserung, die den Text noch flüssiger macht. Hier ist eine überarbeitete Version:
ID_105866	Der Künstler vererbte der Musikerin den Besitz. Sie war jetzt sehr reich. \nWie klingt der Text? (1=sehr seltsam, 7=perfekt)	Der Text klingt etwas seltsam, da die Vererbung von Besitz an eine Musikerin nicht direkt mit ihrer Reichtumserlangung in Verbindung gebracht wird. Es fehlt eine klare Verbindung zwischen dem Erbe und dem Reichtum. Hier ist eine überarbeitete Version:
ID_106119	Die Käuferin schuldete der Händlerin den Kaufpreis. Er lag im fünfstelligen Bereich. \nWie klingt der Text? (1=sehr seltsam, 7=perfekt)	Der Text klingt etwas seltsam, da die Formulierung "schuldete" und "lag im fünfstelligen Bereich" nicht ganz passend zusammenpassen. Hier ist eine überarbeitete Version:
ID_106268	Die Klientin überwies dem Detektiv den Betrag. Sie war dabei sehr diskret. \nWie klingt der Text? (1=sehr seltsam, 7=perfekt)	Der Text klingt etwas seltsam, da die Begriffe "Klientin" und "Detektiv" in diesem Kontext ungewöhnlich sind. Es könnte sich um eine Fehlübersetzung oder ein Missverständnis handeln. Hier ist eine mögliche Korrektur:
ID_107588	Die Lieferantin reichte dem Floristen die Rechnung. Dieser war sehr gutaussehend. \nWie klingt der Text? (1=sehr seltsam, 7=perfekt)	Der Text klingt etwas seltsam, da die beiden Sätze nicht direkt zusammenhängen. Es wäre besser, wenn sie in einem Zusammenhang stehen würden. Zum Beispiel könnte der Text so lauten: "Die Lieferantin reichte dem Floristen die Rechnung. Dieser war sehr gutaussehend und bedankte
ID_106570	Die Schülerin zeigte dem Sitznachbarn die Formel. Der war nämlich immer sehr nett. \nWie klingt der Text? (1=sehr seltsam, 7=perfekt)	Der Text klingt etwas seltsam, da die Sätze nicht flüssig ineinander übergehen und die Verbindung zwischen den beiden Sätzen nicht ganz klar ist. Es könnte besser formuliert werden, um natürlicher zu klingen.
ID_107406	Der Schneider nähte der Klientin die Jacke. Dieser investierte viel Mühe. \nWie klingt der Text? (1=sehr seltsam, 7=perfekt)	Der Text klingt fast perfekt, aber es gibt eine kleine Verbesserung möglich. Hier ist eine überarbeitete Version:
ID_107754	Die Wächterin hat dem Schwager den Geheimcode. Diese war nämlich schon betrunken. \nWie klingt der Text? (1=sehr seltsam, 7=perfekt)	Der Text klingt sehr seltsam. Hier ist eine mögliche Korrektur:
ID_107061	Die Hotelmanagerin beschaffte dem Urlauber die Massage. Er machte nämlich einen gestressten Eindruck. \nWie klingt der Text? (1=sehr seltsam, 7=perfekt)	Der Text klingt etwas seltsam, da die Verwendung von "beschaffte" und "machte" nicht ganz passend ist. Hier ist eine überarbeitete Version:
ID_107676	Die Türsteherin verweigerte der Besucherin den Zutritt. Er war leider nicht gestattet. \nWie klingt der Text? (1=sehr seltsam, 7=perfekt)	Der Text klingt etwas seltsam, da die Formulierung "Er war leider nicht gestattet" ungewöhnlich ist. Eine bessere Formulierung könnte sein: "Der Zutritt war leider nicht gestattet."
ID_107517	Der Chef garantierte der Angestellten die Gehaltserhöhung. Der war nämlich sehr zufrieden. \nWie klingt der Text? (1=sehr seltsam, 7=perfekt)	Der Text klingt etwas seltsam, da die Verwendung von "garantierte" und "war" nicht ganz passend ist. Hier ist eine überarbeitete Version:
ID_107111	Die Lehrerin kündigte dem Rektor die Pensionierung. Der war darüber etwas traurig. \nWie klingt der Text? (1=sehr seltsam, 7=perfekt)	Der Text klingt etwas seltsam, da die Pensionierung einer Lehrerin normalerweise nicht direkt dem Rektor mitgeteilt wird. Es wäre natürlicher, wenn die Lehrerin ihre Pensionierung dem Rektor mitteilen würde, aber der Rektor wäre dann nicht derjenige, der darüber traurig
ID_106997	Die Lieferantin baute dem Kunden die Kommode. Dieser war nämlich etwas ungeschickt. \nWie klingt der Text? (1=sehr seltsam, 7=perfekt)	Der Text klingt etwas seltsam. Es könnte besser formuliert werden, um klarer und flüssiger zu sein. Hier ist eine überarbeitete Version:
ID_107374	Der Kollege führte dem Neuen die Prozedur. Die war ziemlich komplex. \nWie klingt der Text? (1=sehr seltsam, 7=perfekt)	Der Text klingt etwas seltsam, aber er ist verständlich. Hier ist eine überarbeitete Version:
ID_105988	Der Archäologe präsentierte der Museumsdirektorin den Fund. Die war sehr aufgeregt. \nWie klingt der Text? (1=sehr seltsam, 7=perfekt)	Der Text klingt fast perfekt, aber es fehlt ein Komma nach "Fund". Hier ist die korrigierte Version:
ID_107327	Der Dieb entwendete dem Touristen die Handtasche. Sie enthielt alle Wertsachen. \nWie klingt der Text? (1=sehr seltsam, 7=perfekt)	Der Text klingt fast perfekt, aber es fehlt ein wenig an Kontext und Details. Hier ist eine leicht überarbeitete Version:
ID_106172	Die Unternehmerin stellte der Bankangestellten den Kostenplan. Der war sorgfältig berechnet worden. \nWie klingt der Text? (1=sehr seltsam, 7=perfekt)	Der Text klingt fast perfekt, aber es gibt eine kleine Verbesserung, die den Text noch flüssiger macht. Hier ist eine überarbeitete Version:
ID_106719	Der Therapeut gewöhnte dem Patienten die Marotte. Sie hatte bereits gefährliche Folgen. \nWie klingt der Text? (1=sehr seltsam, 7=perfekt)	Der Text klingt etwas seltsam, da die Verwendung von "gewöhnte" und "Marotte" in diesem Kontext ungewöhnlich ist. Es könnte besser formuliert werden, um klarer und natürlicher zu klingen. Hier ist eine mögliche Verbesserung:
ID_106858	Der Gastgeber organisierte der Rednerin die Hotelsuite. Er freute sich über den Besuch. \nWie klingt der Text? (1=sehr seltsam, 7=perfekt)	Der Text klingt etwas seltsam, da die Satzstruktur nicht ganz natürlich ist. Es könnte besser formuliert werden, um flüssiger zu klingen. Hier ist eine überarbeitete Version:
ID_106797	Der Anwalt erklärte der Mandantin die Beweislage. Dieser war wie immer perfekt vorbereitet. \nWie klingt der Text? (1=sehr seltsam, 7=perfekt)	Der Text klingt fast perfekt, aber es gibt eine kleine Unstimmigkeit. "Dieser" sollte "Diese" sein, da "Beweislage" feminin ist. Hier ist die korrigierte Version:
ID_107823	Die Vermieterin schickte dem Mieter den Mietvertrag. Sie hat aber vergessen, zu unterschreiben. \nWie klingt der Text? (1=sehr seltsam, 7=perfekt)	Der Text klingt fast perfekt, aber es fehlt ein wenig an Kontext und Klarheit. Hier ist eine leicht überarbeitete Version:
ID_106049	Die Enkelin malte der Großmutter den Garten. Dieser enthielt viele bunte Pflanzen. \nWie klingt der Text? (1=sehr seltsam, 7=perfekt)	Der Text klingt etwas seltsam, da die Enkelin der Großmutter den Garten malt, was ungewöhnlich ist. Es wäre natürlicher, wenn die Enkelin der Großmutter den Garten zeigt oder beschreibt. Daher würde ich den Text mit einer 3 bewerten.
ID_107463	Der Regisseur empfahl der Schauspielerin die Fernsehserie. Er sah gern Komödien. \nWie klingt der Text? (1=sehr seltsam, 7=perfekt)	Der Text klingt fast perfekt, aber es fehlt ein wenig an Kontext und Klarheit. Hier ist eine leicht überarbeitete Version:
ID_106780	Der Betrüger raubte dem König die Krone. Die war unfassbar wertvoll. \nWie klingt der Text? (1=sehr seltsam, 7=perfekt)	Der Text klingt etwas seltsam, da die Verwendung von "raubte" und "die war" nicht ganz passend ist. Es wäre besser, "die Krone" als Subjekt zu behandeln und "unfassbar wertvoll" als Attribut zu verwenden. Hier ist eine überarbeitete Version:
ID_105913	Der Teenager verkaufte der Freundin den Ausweis. Sie war bereits vorbestraft. \nWie klingt der Text? (1=sehr seltsam, 7=perfekt)	Der Text klingt sehr seltsam. Es gibt mehrere Probleme:
ID_106391	Der Krankenpfleger wusch der Patientin den Rücken. Diese kannte die Routine mittlerweile. \nWie klingt der Text? (1=sehr seltsam, 7=perfekt)	6
